"logFC"	"AveExpr"	"t"	"P.Value"	"adj.P.Val"	"B"
"M26"	0.0500275557176847	-8.78203759713259e-18	1.24986261964205	0.217646233765781	0.982801449430002	-5.07372770688485
"M5"	0.0364657745014616	-3.80073094910196e-18	0.986508763202769	0.329023708330627	0.982801449430002	-5.33875303938377
"M14"	0.0146137697676717	9.39039548280501e-18	0.92489776936796	0.359826647985966	0.982801449430002	-5.39218023351393
"M3"	0.0259876317636816	-8.89045781438114e-18	0.919869134274756	0.362420885787435	0.982801449430002	-5.39639509968472
"M11"	0.0478108018271066	9.43255890062389e-18	0.745569712750351	0.459705219946655	0.982801449430002	-5.52874809145755
"M18"	0.0184037232695631	-2.44848990619643e-18	0.687847538676079	0.494989053375384	0.982801449430002	-5.56663737118416
"M1"	-0.0323756937524449	1.6746406055849e-17	-0.639176948896624	0.525865455329651	0.982801449430002	-5.59626495479616
"M22"	-0.0155832222701727	1.10829555409629e-18	-0.466970816595374	0.642716318224739	0.982801449430002	-5.68390722036025
"M13"	-0.0121169609039076	-6.15887067425794e-18	-0.310225319323775	0.75778523504273	0.982801449430002	-5.7401638907533
"M21"	0.014492744497739	5.86523258587644e-18	0.297147070167041	0.767686632140712	0.982801449430002	-5.74383770899683
"M15"	0.00935938698356341	-2.93638088381491e-18	0.148078179972322	0.882925687828222	0.982801449430002	-5.77456053034018
"M2"	-0.00251257305301843	-1.17455235352596e-17	-0.105766122396258	0.916225964047148	0.982801449430002	-5.77953700296471
"M24"	0.00173767711273165	6.47509630789954e-19	0.0880265583988618	0.930236149339459	0.982801449430002	-5.78113010349775
"M10"	-0.00611150655005928	1.86723707483615e-18	-0.0716632692468042	0.943179325285846	0.982801449430002	-5.78234109698379
"M6"	0.00576909845806969	1.69557173085928e-18	0.0540062551466992	0.957163120604307	0.982801449430002	-5.78336950630813
"M16"	0.00416751919028653	-1.76303319936948e-17	0.0495241620083411	0.960715141003566	0.982801449430002	-5.78358457707971
"M8"	0.00336822179032657	1.89358921097295e-18	0.0415159328722116	0.967063551962159	0.982801449430002	-5.78392249239352
"M23"	-0.000369296674252076	-2.55841595979566e-18	-0.0216739058775408	0.982801449430002	0.982801449430002	-5.78450363424215
