"M2"	"M21"	"M5"	"M24"	"M3"	"M18"	"M23"	"M13"	"M16"	"M10"	"M6"	"M8"	"M14"	"M15"	"M11"	"M1"	"M22"	"M26"	"Sample"	"Isolate"	"DPI"	"Stage"	"Replicate"
"Zt05_Ta_A_01"	-0.169217762046529	-0.052810407875636	0.0523967301357617	0.0769180674843415	0.15548298484783	0.156499978723469	0.0775855977963309	-0.0617124605235612	0.0658012074144569	0.0149188259552925	0.0364060202458057	0.0663942718597036	0.0732574400892835	0.0564164185606739	-0.024065983824721	-0.119394371074654	0.0775241392079949	0.0458771976068792	"Zt05_A_01"	"Zt05"	3	"A"	1
"Zt05_Ta_A_02"	-0.175815923201206	-0.0418579562820529	0.0737598963330131	0.0792825149801306	0.158765893731404	0.164338732469756	0.0773022122614669	-0.0461329101941891	0.0570025416051748	0.0110333347013924	0.0259785359541143	0.0585393804020026	0.0796835390972622	0.0479458123735215	-0.00935856646153888	-0.119941853986869	0.0763252525242172	0.0459373803950798	"Zt05_A_02"	"Zt05"	3	"A"	2
"Zt05_Ta_B_01"	-0.17370120920807	-0.0782572483255392	0.0417737250636533	0.0690559722871483	0.162325610919724	0.163914049801948	0.0685492789489126	-0.0455996397378562	0.0777856178773174	0.0219259121546924	0.0363230528636166	0.079312359634634	0.0750761331553238	0.064437408345459	-0.0288030796007491	-0.049133428042621	0.0849691897083402	0.0532056000394638	"Zt05_B_01"	"Zt05"	7	"B"	1
"Zt05_Ta_B_02"	-0.170183936684661	-0.096332717381748	0.0271478134760385	0.0625653765781638	0.147323970023854	0.159312814742296	0.0616522489349193	-0.0382092320374149	0.0693862893828739	0.0111174440475142	0.0236826011815151	0.0676397574169903	0.0672265778538223	0.0521069690727038	-0.0253026046580307	-0.0212197705829333	0.0879051483608777	0.0595816199050139	"Zt05_B_02"	"Zt05"	7	"B"	2
"Zt05_Ta_C_01"	-0.100043362057198	-0.0476992909292216	0.0737842809795255	0.0778241812343477	0.146231990150083	0.105719546690943	0.0960014499666616	0.181417619006157	0.0962636504638877	0.0254569507784883	0.0507412957313444	0.097597556625553	0.0741947315430747	0.0800044473301575	-0.0919055278536561	0.0346958332037373	0.0830013777016616	-0.0202069335300883	"Zt05_C_01"	"Zt05"	12	"C"	1
"Zt05_Ta_C_02"	-0.114596578218498	-0.0578776995287039	0.0735025154780628	0.0799814871061244	0.147854941811338	0.112925045288154	0.0926387711728852	0.169873164021523	0.0956408957262863	0.0267306675547109	0.0465665175511167	0.0926239857782495	0.0767447539315749	0.0775182964329602	-0.0801218544903378	0.0413035359521769	0.0822513644601298	-0.00613628459952554	"Zt05_C_02"	"Zt05"	12	"C"	2
"Zt05_Ta_D_01"	-0.123635063810666	-0.0116815191206134	0.101434164735953	0.0805499486886203	0.154537055219853	0.120829912696628	0.0913372388578037	0.108889328915531	0.0751291496994069	0.026352691159954	0.0394372151540185	0.0862032409177072	0.0789794766217559	0.0714439446019549	-0.0558817341633553	-0.00413422099879446	0.0654351041609232	-0.0236227171064132	"Zt05_D_01"	"Zt05"	15	"D"	1
"Zt05_Ta_D_02"	-0.128978721257515	0.0195089671884082	0.132572011228091	0.0854654235592978	0.162208501388667	0.131891724513414	0.0927830038441597	0.0887297087403935	0.0583115337089206	0.0358681252521249	0.0421962425056798	0.0828065445877067	0.0814933119513973	0.0713629209198522	-0.0207656651727521	-0.048855104548821	0.0368208074867539	-0.0260852118787436	"Zt05_D_02"	"Zt05"	15	"D"	2
"Zt09_Ta_A_01"	-0.179751084911038	-0.0875565652991794	-0.00340829446785733	0.052672269541377	0.157820184586725	0.186878391929611	0.0506565094008074	-0.108566685180904	0.0918353305441273	0.014661728818374	0.0299625423878209	0.0837318105805445	0.0743954354689659	0.0635149955846082	-0.00650083803441905	-0.133290216412475	0.123686539698976	0.114121840067669	"Zt09_A_01"	"Zt09"	4	"A"	1
"Zt09_Ta_A_02"	-0.18157058674577	-0.0802517399216784	-0.00385088611501205	0.0592173709496763	0.154940757800382	0.18610833281299	0.0537851835031366	-0.116631561255637	0.0800234773087566	0.0102020440817524	0.0264495057777188	0.0729287747084257	0.0801710602787437	0.0571933970168977	0.00248486458731907	-0.149378191363917	0.111396823139245	0.110101972406281	"Zt09_A_02"	"Zt09"	4	"A"	2
"Zt09_Ta_B_01"	-0.13146747522142	-0.102899824705933	-0.0215858401642076	0.0488442020197122	0.123707891574655	0.140301671402705	0.0488509966074824	-0.00145138235355177	0.0872551594275152	-0.00499287195137168	0.00958325385022102	0.0672801518991262	0.0595843332038508	0.0439379631811879	-0.0322086233987699	0.0562237330936997	0.111300466245212	0.0577933254831685	"Zt09_B_01"	"Zt09"	9	"B"	1
"Zt09_Ta_B_02"	-0.150420287548803	-0.109783310987263	-0.00575480565030716	0.0563958573701699	0.153249118089277	0.162106140593567	0.0562483153122774	-0.0178586073076118	0.108394283586001	0.0132869485118896	0.0260679141100652	0.0911964335904087	0.0791386050919046	0.0659247514572466	-0.0472311126062788	0.0248487018640405	0.1297623959042	0.0695954040094001	"Zt09_B_02"	"Zt09"	9	"B"	2
"Zt09_Ta_C_01"	-0.0775390549464122	-0.0378802688121678	0.0878372356912151	0.0674948997378633	0.154126903181715	0.0949126568760661	0.0889427775157392	0.16584398595999	0.104301930917713	0.0314689725606829	0.0569431455744095	0.102726370709176	0.0821350292439342	0.0866381091991954	-0.132615821765925	0.028684797636575	0.0910482790159372	-0.0249932916396423	"Zt09_C_01"	"Zt09"	15	"C"	1
"Zt09_Ta_C_02"	-0.0752366838531201	-0.0237109795610276	0.0899316171166871	0.0638763681880246	0.148189711925727	0.0983986826791726	0.0841188060454341	0.155848137763854	0.102162792355573	0.0229072847343452	0.0511795081149282	0.0952279383414777	0.0758432109136401	0.0779916096493309	-0.115317229094512	0.012130642762866	0.0913160877652185	-0.0340107288099586	"Zt09_C_02"	"Zt09"	15	"C"	2
"Zt09_Ta_D_01"	-0.126488112872392	0.036378063678193	0.15525479979706	0.0708382092011798	0.178428063359204	0.145315382796856	0.0865077549993335	0.0367294428448674	0.0677978457870418	0.048550936617018	0.0467251987316327	0.0872672580137495	0.0913641934041449	0.082394603992854	-0.00887378069817043	-0.0997662925678661	0.0294313563202665	-0.0229701552176461	"Zt09_D_01"	"Zt09"	17	"D"	1
"Zt09_Ta_D_02"	-0.0847952131032089	0.0703303843568853	0.139085763443094	0.0511007190364469	0.135241387985791	0.128880490760643	0.0651359570339364	-0.00464742440749388	0.0237380989112247	0.0249441264654646	0.0138119854894135	0.0493261266459031	0.0670332494350846	0.0447201463114379	0.0224797421277904	-0.128248519910046	0.00164722196619158	-0.0349548588982704	"Zt09_D_02"	"Zt09"	17	"D"	2
"Zt10_Ta_A_01"	-0.159514949914673	-0.135596544273686	-0.0104523068653632	0.0686181021615352	0.173206563040908	0.179911270330603	0.0636616239133075	-0.0754865589466535	0.144890317353532	0.0254297834479225	0.0674243949124127	0.121333635926994	0.101509994170096	0.0919064523793125	-0.0636818555716692	-0.0986273128389085	0.185831237052118	0.0765340465971564	"Zt10_A_01"	"Zt10"	5	"A"	1
"Zt10_Ta_A_02"	-0.172320077539543	-0.117741803215722	-0.0152210072484503	0.0572669693498933	0.149604258411801	0.17438585519602	0.0486473395655786	-0.12101487816134	0.104449492006061	0.00943100110357653	0.0422070156073477	0.0895676412930242	0.0839082984686149	0.0660520606381407	-0.030454241159202	-0.143737484853817	0.15145417347561	0.0668878267229849	"Zt10_A_02"	"Zt10"	5	"A"	2
"Zt10_Ta_B_01"	-0.194579098093983	-0.087738273000006	0.0256315284487118	0.0699137786711318	0.175823997388753	0.171692965492148	0.0704941813004877	-0.0819783202369744	0.109987808794584	0.0449741846432844	0.0535587521200428	0.113293733650476	0.094188636353487	0.0947410262776411	-0.0417888126527086	-0.105435473117549	0.123159412196174	0.0317029333831687	"Zt10_B_01"	"Zt10"	11	"B"	1
"Zt10_Ta_B_02"	-0.162664175198288	-0.0870383538797146	0.0120063304451413	0.064476414611539	0.159030171272278	0.170400531547561	0.058908348497976	-0.051442277935145	0.0998004342383668	0.0207615756316272	0.0424778077232842	0.0922504236943996	0.0870938006715338	0.0736696525571251	-0.0361499351279151	-0.0754826460961553	0.130325560276816	0.0411724109512455	"Zt10_B_02"	"Zt10"	11	"B"	2
"Zt10_Ta_C_01"	-0.105452984343758	-0.0209870628845699	0.101833685285944	0.0788905485171194	0.162858667358853	0.107623399512442	0.101930012134072	0.152922731166422	0.102359416241123	0.0416207364702625	0.0588909941055673	0.10104845742934	0.0862083209389621	0.0881398731839586	-0.113521950937264	0.00816273690672331	0.0914806781674113	-0.0520305890488392	"Zt10_C_01"	"Zt10"	15	"C"	1
"Zt10_Ta_C_02"	-0.136740164438843	-0.0913851262854979	0.0111205620061255	0.053247352181687	0.123054999017347	0.133383468395801	0.0639524694275279	0.0811498113296409	0.0751968727076604	-0.000991799863799337	0.0189294701448314	0.0633128318113102	0.0665291785071169	0.0474000039374365	-0.0324951159418947	0.00614052541285471	0.108074560468514	0.00917755264899716	"Zt10_C_02"	"Zt10"	15	"C"	2
"Zt10_Ta_D_01"	-0.0941739343576788	0.0398286698407619	0.114172440540786	0.0635976191163089	0.134259186787272	0.108838104099072	0.0816755453782638	0.049742980866684	0.0504301739684702	0.0500890740437056	0.0327076194441292	0.0732685737412034	0.0668336948971126	0.0633210322696215	-0.0573203586467931	-0.072621116001622	0.0305044471047389	-0.0910864587744413	"Zt10_D_01"	"Zt10"	18	"D"	1
"Zt10_Ta_D_02"	-0.112084245511885	0.0378942891988386	0.107236573696445	0.0548659548958545	0.127435001030359	0.1285503229193	0.0707067600035099	0.00657295937850475	0.0327707323492231	0.0356290021388956	0.0162913678607776	0.056588367337796	0.0623362084067735	0.0450749440675436	-0.0246952835778	-0.0906423089714002	0.0317405757220644	-0.0668936667768449	"Zt10_D_02"	"Zt10"	18	"D"	2
"X3D1.1.7d"	-0.0231775217039511	0.024905126043838	-0.212442279884433	-0.0135168643475944	-0.210345633571968	-0.0115748397546175	-0.103762004517999	-0.255517431586431	-0.766543700822976	-0.83342364998068	-0.32180454458683	-0.397507640181984	-0.379174246480239	-0.343939443822218	0.274592930535811	-0.12741903886519	0.0273586383321262	0.174424779607776	"X3D1.1.7d"	"X3D1"	7	"A"	1
"X3D1.2.7d"	-0.0498689012843443	-0.014481055219438	-0.21646922299037	0.0193344821547675	-0.213152698290267	-0.0414851925003875	-0.0811026162581609	-0.213457692492677	-0.147192143844977	-0.240704022278449	-0.0308659860764049	-0.0231682517317188	-0.361127147062926	-0.580785760368652	0.221439477731365	-0.0129089916629229	-0.0161090243994483	0.154295903727198	"X3D1.2.7d"	"X3D1"	7	"A"	2
"X3D1.3.7d"	-0.0596140190350091	-0.0150634566669035	-0.20712835300127	0.0234272276954434	-0.190313494318638	-0.00144338995434905	-0.0632159246751154	-0.206772522507129	-0.0575901906458672	-0.0869092196670502	-0.0783806269285807	-0.686959690420879	-0.349378534894279	-0.310578362707879	0.279047949961835	0.0253839859936192	0.0163550139975967	0.214967029876255	"X3D1.3.7d"	"X3D1"	7	"A"	3
"X3D1.2.12d"	0.0124897597339018	-0.0770519444451071	-0.177604427148673	0.0525000094828594	-0.158630218800341	-0.0257008608144251	-0.0267009357408181	-0.070852064715875	-0.0134338937772339	-0.0555868110410665	-0.0599214395463613	-0.0595498026588897	-0.297680465449027	-0.0738717908456937	0.0947031212099382	0.157373773409841	0.0403534936623686	0.0752708984692594	"X3D1.2.12d"	"X3D1"	12	"B"	1
"X3D1.5.12d"	-0.0389052921094115	-0.00830559211884982	-0.209437402897317	-0.0132747215088152	-0.275329351395096	0.0103974485323536	-0.0439427881066155	-0.183898004130182	-0.00726152108524388	-0.00521601947689727	-0.860747173677479	-0.300168691036216	-0.266177597166044	-0.466239671593296	0.258332187017662	0.0245064215333361	0.000555098090289577	0.123137283115748	"X3D1.5.12d"	"X3D1"	12	"B"	2
"X3D1.8.12d"	0.0528198415626323	-0.183420864795737	-0.165977608932622	0.0310712997226916	-0.0994499003108018	-0.0699546309517452	0.0376165784982443	-0.0340941816241074	0.0529677678954985	-0.00458374329436193	-0.00220291037900241	0.0376957375055747	-0.250734146802326	-0.00818930530968606	-0.106150179959333	0.220112716833193	0.0699824858171469	-0.0332915643612308	"X3D1.8.12d"	"X3D1"	12	"B"	3
"X3D1.7.14d"	0.0649226773354185	-0.114160315230232	-0.142883152582883	0.0635072710019773	-0.116737508281791	-0.0880253987471005	0.0485589066555208	0.0723112735928317	0.023338796545201	-0.00617438365889827	-0.00138483318885627	0.00167797433812235	-0.226378207153791	-0.0216696463586229	-0.0345728757586152	0.180650845494548	0.0205060748181603	0.00617722370448582	"X3D1.7.14d"	"X3D1"	14	"C"	1
"X3D1.9.14d"	0.0730500137059435	-0.116453752199196	-0.0688731984656726	0.0782862374585337	-0.0349019797110612	-0.0975646621004452	0.069076333365276	0.0991649770307432	0.0871599699295964	0.0584410913722744	0.0567659130031643	0.0703202248372105	-0.164064670365768	0.0532615443990479	-0.235171099495619	0.208138902168465	0.044922295186349	-0.0477811278722175	"X3D1.9.14d"	"X3D1"	14	"C"	2
"X3D1.10.14d"	0.0587347496738824	-0.116279446646446	-0.0981428914506862	0.069542874791318	-0.0766954848454172	-0.0763041916888904	0.0602633185226276	0.0291781756284424	0.0833809214017103	0.0522426346535533	0.03767306688285	0.0456176802345211	-0.214039442910241	0.0413741390338185	-0.111228497572462	0.213635233521054	0.0287467352085498	-0.025045373019364	"X3D1.10.14d"	"X3D1"	14	"C"	3
"X3D1.1.28d"	0.143229842570244	0.222044686766282	0.158715742425515	0.0507617204278104	-0.0418927421512913	-0.101029169305097	0.0729445013632374	-0.0358410962490074	-0.129678427472588	0.0810673416936185	0.0149755883251014	-0.0223752323762514	-0.140376019465238	0.0112298849945971	0.0408672152848856	-0.152784096392645	-0.254810348521519	-0.178880019777213	"X3D1.1.28d"	"X3D1"	28	"D"	1
"X3D1.4.28d"	0.117966567599131	0.234512362713733	0.15890765648016	0.0466192818650791	-0.0404839068432712	-0.0844918655517041	0.0778376151510668	-0.0399006018567134	-0.120381287567438	0.0703242086623385	0.00665936859438372	-0.0287543683957474	-0.142177453902953	0.00223537584364193	0.0409191768781174	-0.151529172529792	-0.241359479605258	-0.173817809712282	"X3D1.4.28d"	"X3D1"	28	"D"	2
"X3D1.5.28d"	0.147333546691512	0.214492007439027	0.144392016147585	0.053763741445469	-0.0463466994564024	-0.112520436217501	0.0823282760641119	-0.031238754712277	-0.113786010431685	0.0853435990273949	0.0272283364839046	-0.0141762770310954	-0.142175749880089	0.0181843588889161	0.019558686625368	-0.145815132301365	-0.250365881204817	-0.195427670175352	"X3D1.5.28d"	"X3D1"	28	"D"	3
"X3D7.2.7d"	-0.0428285914496806	-0.0681045489393181	-0.131491876667676	0.0446504344000173	-0.0569650739551174	0.0382378518171027	-0.257796578259726	-0.0940022435222059	-0.0033264226343109	-0.0812780081739973	-0.0643854840556334	-0.0639299949174793	0.014263054156773	-0.0731809691778526	0.1899964465175	0.0887965647352203	0.0835403559865864	0.200005969419832	"X3D7.2.7d"	"X3D7"	7	"A"	1
"X3D7.8.7d"	-0.0362500057821315	0.000703404660080112	-0.0938285724482781	0.0255227388322026	-0.0699015650981503	0.0103404040336154	-0.265046776688732	-0.117228535486554	-0.0575251809916299	-0.103030289525653	-0.0698285745967304	-0.105189101464919	0.0111304370885908	-0.0917076970619328	0.209166307105124	0.0335108577144625	0.0336350126782291	0.197469635628494	"X3D7.8.7d"	"X3D7"	7	"A"	2
"X3D7.10.7d"	-0.0452270796303755	-0.0184895762725382	-0.100373807578473	0.0288184537504026	-0.055064081046324	0.0595887437138708	-0.271664283778058	-0.158871385962514	-0.0579778801409639	-0.0900926132912272	-0.0760837265440846	-0.0953937901091513	-0.010333220162615	-0.0833084512449742	0.193799756034633	-0.0206950381630632	0.04185322776738	0.20146708390376	"X3D7.10.7d"	"X3D7"	7	"A"	3
"X3D7.2.12d"	-0.0222191532195603	-0.0407942057858377	-0.140533353612798	0.0334506551383165	-0.074109409460577	0.0208352866318086	-0.259085541442783	-0.065789875498345	-0.0356428804263404	-0.089032278257567	-0.0776899640511459	-0.083285807146763	0.0135050913282531	-0.0681980894878187	0.252647372243536	0.10059307874045	0.0527058129836226	0.184385673801938	"X3D7.2.12d"	"X3D7"	12	"B"	1
"X3D7.3.12d"	0.107181698190244	-0.0994711483240695	-0.0849171949067478	0.0257580649145083	-0.0832364321321707	-0.120469997757212	-0.252774184263041	0.145803665037071	0.0151934656879539	0.0148827422512621	0.0320440636966207	0.000488453565744412	0.00759555111161487	-0.00116829849311037	-0.0638524068655626	0.147369460207473	0.0309045022667575	0.0115638450755421	"X3D7.3.12d"	"X3D7"	12	"B"	2
"X3D7.6.12d"	0.0331941414231047	-0.114686125532918	-0.0891157798009873	0.0418201881456372	-0.0234097402950412	-0.0367068240897723	-0.238505682596791	0.0816535692187473	0.0365068517897886	-0.00183060026045699	0.00782834694472252	0.0143209746538744	0.0281743260964104	0.0239963651324288	0.00152447707791169	0.180668430957415	0.0643321831160839	0.0553807206059878	"X3D7.6.12d"	"X3D7"	12	"B"	3
"X3D7.4.14d"	0.183528992091566	0.0846874662335839	0.049048870865866	0.100569631195723	-0.0503640173447569	-0.232049624793923	-0.240144545939591	0.140927282532857	-0.0168327060102359	0.0558607068629038	0.0787350592926877	0.0142268547242812	0.0416494428318909	0.0334771623807066	-0.0823679881398684	-0.000295750036050743	-0.0566779138643443	-0.0841725516830644	"X3D7.4.14d"	"X3D7"	14	"C"	1
"X3D7.5.14d"	0.176994382596459	-0.045044686872537	-0.0308334199224979	0.0780121507387119	-0.0579568829200058	-0.172888336575605	-0.242634818667146	0.177037799640118	0.00837970456055187	0.0216897597432351	0.05638898716776	0.0111755367646063	0.033680019487323	0.024212940055086	-0.0611954759886426	0.0818850406583842	0.00608729171910041	-0.031512825424851	"X3D7.5.14d"	"X3D7"	14	"C"	2
"X3D7.10.14d"	0.185428431916602	0.155125202280108	0.107392230844143	0.086410451398824	-0.045204416478872	-0.248752191286176	-0.239426988230859	0.111817932561624	-0.0294791409180492	0.0790011993892332	0.0736481131311854	0.0166396098212366	0.0422292045985786	0.0336671044267571	-0.109140449250989	-0.037909644078832	-0.117916749059384	-0.168658831330545	"X3D7.10.14d"	"X3D7"	14	"C"	3
"X3D7.1.28d"	0.139491989620412	0.262601336420866	0.187748000270701	0.0513425783505673	-0.0364653586788015	-0.131769879595071	-0.224892931661082	-0.0436519589322606	-0.13992868587334	0.08709751488646	0.0116127856251825	-0.0347085528287613	0.0287575428496442	0.00859749438702987	0.104258157743955	-0.146156640887876	-0.241587922869549	-0.147122285921272	"X3D7.1.28d"	"X3D7"	28	"D"	1
"X3D7.5.28d"	0.144806395558763	0.222584362356603	0.176229255175885	0.0569194190811834	-0.00971378546359449	-0.112768295371621	-0.216377569901973	-0.0198162988722925	-0.0953100178430523	0.0984654756143055	0.0338585345309379	0.000372559551039371	0.0401255694746605	0.0352884830477713	0.0262676343365451	-0.129375879289285	-0.195459201644207	-0.15275592693185	"X3D7.5.28d"	"X3D7"	28	"D"	2
"X3D7.10.28d"	0.122922798925635	0.237606217388822	0.177003757797983	0.0505391567077499	-0.0205291523360953	-0.105414253134994	-0.219286493600743	-0.0391046064677594	-0.116598404129749	0.0842730496556084	0.0178188862618675	-0.0189838536792163	0.0303743081088672	0.0183598571249813	0.0795715984933578	-0.142141155605064	-0.214707817934507	-0.143266872888548	"X3D7.10.28d"	"X3D7"	28	"D"	3
"X1A5.1.7d"	0.00716032040622735	-0.113395653055811	-0.198450264159571	-0.389432212176896	-0.165560634483654	-0.0336089611491271	-0.0366219685608256	-0.181241825818267	-0.0683854886721885	-0.125562000587621	-0.0942290028550457	-0.0909812314251744	-0.0365109882220091	-0.0883591933961711	0.0260252817095324	0.136278893835304	0.0937547878095644	0.0907470180061642	"X1A5.1.7d"	"X1A5"	7	"A"	1
"X1A5.7.7d"	-0.0368037324109644	0.0126942505353824	-0.109298962486093	-0.260970184943956	-0.101800933276393	0.054913037323028	-0.0414552064936836	-0.180802439269389	-0.0690563495911053	-0.0939705568687838	-0.0752769473839358	-0.102705817068684	0.0139610120840568	-0.0951262779669572	0.187890028390561	-0.122538634783993	0.020772101754872	0.202327803015069	"X1A5.7.7d"	"X1A5"	7	"A"	2
"X1A5.10.7d"	-0.0337855064179998	-0.0263210513938446	-0.121679366886156	-0.306309579456849	-0.114700729313196	0.0269738992528337	-0.0356738072270213	-0.178872988309695	-0.0574157633930058	-0.123681107667514	-0.0712525456840201	-0.100191553736283	-0.00243120580037658	-0.0936591913927921	0.136677806815007	-0.0340793992071971	0.0297842060773905	0.167285478444869	"X1A5.10.7d"	"X1A5"	7	"A"	3
"X1A5.3.12d"	0.0229809602479526	-0.0854150778465466	-0.153374744735268	-0.284598469968599	-0.144200465704147	-0.0351123075987751	-0.0315532056419898	-0.0612443669020467	0.007011719115302	-0.0835894700906782	-0.0464655959933027	-0.0758069530673002	0.00716914156772527	-0.0466438036062822	0.0544173852652679	0.125385886857119	0.0271673856276929	0.0795798005949911	"X1A5.3.12d"	"X1A5"	12	"B"	1
"X1A5.5.12d"	0.0645195683792372	-0.0893486454815522	-0.0765382627528409	-0.278429013170559	-0.0973855879280674	-0.0685373638263332	0.032749507319136	0.0954509180341577	0.0250871879425354	-0.0060838406776028	0.00631791491119566	-0.0103328836925257	0.0427876792426015	0.0118014938977749	-0.00503304679315593	0.150319128621311	0.023629685611177	0.0286683641172274	"X1A5.5.12d"	"X1A5"	12	"B"	2
"X1A5.7.12d"	0.0721096122372239	-0.118840361990809	-0.130797264037797	-0.275543029197708	-0.115407930808182	-0.0884529924134383	0.0350138082677631	0.0204637588135233	0.0385635446747472	-0.0210696101222066	0.00787991293483196	-0.00725245469623851	0.0258896670893599	-6.12813085914496e-05	-0.0591058690200885	0.188661340872308	0.0494806575499343	0.0191691043072588	"X1A5.7.12d"	"X1A5"	12	"B"	3
"X1A5.8.14d"	0.108391645025286	-0.120322316386951	-0.0528289018766247	-0.258182134599478	-0.0844831996228237	-0.129986613839129	0.076842665818314	0.190406113415654	0.0532996435505665	0.020750536978155	0.0527790528164603	0.0458587034788975	0.0752676962115316	0.059383038199184	-0.16136705216264	0.153724634032795	0.030471025013366	-0.0529890166396993	"X1A5.8.14d"	"X1A5"	14	"C"	1
"X1A5.9.14d"	0.137407574371369	0.0336754907218159	0.0413355015125628	-0.200838075292433	-0.0276415485389409	-0.116247630422922	0.0810810989522841	0.15338597330047	0.0314312500901003	0.0375225956205596	0.0679455338649924	0.0450760344465064	0.0589231586260948	0.0644898589181683	-0.157521727509137	0.0409269638177399	-0.033154538779359	-0.123083268236686	"X1A5.9.14d"	"X1A5"	14	"C"	2
"X1A5.10.14d"	0.171676775958736	0.0244161731980931	-0.0322313800498275	-0.21341443451215	-0.0893521365123646	-0.151308832473909	0.0664875162391243	0.128470420963301	0.0124889594381413	0.0162661896302455	0.0570118991642954	0.0133851011413271	0.0374056253461591	0.0423101604869228	-0.146302004450013	0.075226904951009	-0.0242234700526967	-0.118333329045594	"X1A5.10.14d"	"X1A5"	14	"C"	3
"X1A5.3.28d"	0.159466737086277	0.222907164369016	0.128272014926465	-0.19210642743698	-0.0547808480779672	-0.111000061350314	0.0778719375813226	-0.0366133065913082	-0.0933253146364043	0.0897139237997801	0.0415887068079262	-0.000478091952415697	0.0350631052343449	0.0439541649347774	0.0243565852007728	-0.154794345728462	-0.226683044177382	-0.197208409480318	"X1A5.3.28d"	"X1A5"	28	"D"	1
"X1A5.6.28d"	0.151775524695224	0.223177507747281	0.146127910827662	-0.19677149957861	-0.0494875658381707	-0.118411166801296	0.0782623764199446	-0.0258636477452652	-0.0880949394944078	0.0957311077887647	0.0486188910123853	0.00655039867225386	0.0430343131989324	0.0485894975666208	0.00508084419309059	-0.148086749181409	-0.219720658274837	-0.196395647793065	"X1A5.6.28d"	"X1A5"	28	"D"	2
"X1A5.7.28d"	0.151946970392246	0.228797995664891	0.14183206762607	-0.185079904993192	-0.0501822940011035	-0.118677956627643	0.0833324488751022	-0.0324145317678644	-0.0945930399574348	0.100048336562477	0.0480001995967514	0.00485713581729404	0.0370728684618484	0.0531655592004931	0.020083237898775	-0.155592024592914	-0.247912057501659	-0.207888091087324	"X1A5.7.28d"	"X1A5"	28	"D"	3
"X1E4.4.7d"	-0.0334772659125869	-0.0225942084438961	-0.131363653537072	0.00162260108141316	-0.0783495566342537	0.0235990035522368	-0.0198329085167279	-0.127823774719568	-0.0348559513488718	-0.0810845334551486	-0.0590272443691321	-0.0831715247281229	-0.00280469931962538	-0.0891565754737874	0.144188058941331	0.0445126647523337	0.0359435591275212	0.174616804415679	"X1E4.4.7d"	"X1E4"	7	"A"	1
"X1E4.5.7d"	-0.031807920520659	-0.0224568193058439	-0.0630199830639208	-0.00342159043958293	-0.0254603691231954	0.0542862080784396	0.0233256573816351	-0.118913286690848	0.00806981836248832	-0.0349300690398696	-0.0196552168750543	-0.0307935661705148	0.0299834104368796	-0.032535984254209	0.0732678244089402	0.0105120536317463	0.0351429986822186	0.155949263852444	"X1E4.5.7d"	"X1E4"	7	"A"	2
"X1E4.6.7d"	-0.00597805498977898	0.0321164289500143	-0.0883299463553449	0.0204827265323229	-0.0883321997691111	0.00451877172457527	0.000645116365182378	-0.163505435319105	-0.0284613486520371	-0.0375934705610818	-0.0366874769515495	-0.0705028235515364	-0.000536128548304289	-0.0582004852485966	0.121117676088379	-0.0840049051560381	0.00421217454457671	0.159839639888592	"X1E4.6.7d"	"X1E4"	7	"A"	3
"X1E4.3.12d"	0.0672873396766901	0.113422730433797	0.102677689016923	0.0349719609116061	-0.0205625636241907	-0.0866358773435309	0.0740850033522596	0.0909762129645083	-0.0330390057979805	0.0533348292918508	0.0186302368833286	0.00391817075786048	0.0423567635976336	0.0330390856241069	-0.00523441831308531	0.0582955101063881	-0.112702718124479	-0.103258840761434	"X1E4.3.12d"	"X1E4"	12	"B"	1
"X1E4.6.12d"	0.0489645100191441	-0.0944996368765096	-0.0753539566610933	0.0184197995120638	-0.0373215896930061	-0.0440875594675236	0.0458028080502781	0.080947125002116	0.0711326830338389	0.0191210977925254	0.0297643514428179	0.0230290773907053	0.0511293974616753	0.036646163824008	-0.0935383055805066	0.1776835598292	0.0731727644509411	0.043153674112485	"X1E4.6.12d"	"X1E4"	12	"B"	2
"X1E4.7.12d"	0.0606195775940932	-0.101071526727271	-0.0880902400650448	0.0372027624864089	-0.031581352981887	-0.0491262113304611	0.0584430222331152	0.0895206381898353	0.0669672539137653	0.00613124177077509	0.0249709778207753	0.0317521405566005	0.0418890975075344	0.0316435511626436	-0.0942449836133037	0.169820324000705	0.0687923793511477	0.0432900309167402	"X1E4.7.12d"	"X1E4"	12	"B"	3
"X1E4.5.14d"	0.164606945122836	-0.0181948052743631	-0.0326964424871478	0.054866848014432	-0.060466490053674	-0.160460702211422	0.0737854419686044	0.191371678958937	0.0378468460215701	0.0257855445310296	0.0563948092553258	0.0259406369467335	0.0446747524047965	0.0389316560071132	-0.183904253338871	0.135918887226962	-0.00436376896953827	-0.0943111853403888	"X1E4.5.14d"	"X1E4"	14	"C"	1
"X1E4.8.14d"	0.144459858502941	-0.0950096603618914	-0.0608665992859893	0.0402220757758162	-0.0447970457531122	-0.139902943977281	0.0741848721612551	0.205325680875661	0.0567652574785377	0.0316112613432903	0.0577206039453453	0.0357852671154463	0.0516103588748908	0.0456493273307902	-0.223031319832308	0.159226510586716	0.0189775519327187	-0.0936898989932936	"X1E4.8.14d"	"X1E4"	14	"C"	2
"X1E4.10.14d"	0.154798927674649	-0.0887937217444655	-0.0216453869597351	0.041091905433806	-0.0331149557751748	-0.151865431304394	0.0866814600346143	0.237096336637	0.0528368844983484	0.051655485771241	0.0705142007183174	0.0519385013852724	0.0645135227093547	0.0622899618364594	-0.216851246347443	0.151682488175527	-0.00244770239049083	-0.0798407098521542	"X1E4.10.14d"	"X1E4"	14	"C"	3
"X1E4.3.28d"	0.0841677892902943	0.205723646779462	0.164146594895488	0.0307112500940302	-0.0223686928786989	-0.0744984259475082	0.0672985258328598	-0.038004218193075	-0.112098594221845	0.0764848539502241	0.0145008362137277	-0.0183150825367513	0.0361087074557637	0.0247101136790797	0.0759518824825377	-0.155247775436236	-0.258640427779289	-0.148729606196994	"X1E4.3.28d"	"X1E4"	28	"D"	1
"X1E4.4.28d"	0.135092795519277	0.229342130798675	0.173267760861471	0.0406911334639188	-0.0312290189492081	-0.118138399609304	0.0821679023129447	-0.0171723486896009	-0.109747953205535	0.112041811618997	0.0404462034890367	0.000898110728477113	0.0366674161466214	0.0466773153979324	0.0444935395499706	-0.146742047927479	-0.282780487359195	-0.181368344464552	"X1E4.4.28d"	"X1E4"	28	"D"	2
"X1E4.6.28d"	0.0893844681564578	0.207680830444387	0.18931229462632	0.0460174021500984	0.0100594316225755	-0.069836649046079	0.0927386795616487	0.00421196051952588	-0.0515813347190429	0.119161478656908	0.0530259557834533	0.0316925255751328	0.0541784690979793	0.0655577819974456	0.00366592297328605	-0.124966836903035	-0.207908484781101	-0.163042035554599	"X1E4.6.28d"	"X1E4"	28	"D"	3
